58193048
227344715
244953423
262025002
303060592
320100433
381429941
385234736
386801384
397422966
454215414
496389984
740039061
762738786
910124062
1032875143
1164518189
1183089890
1271089689
1473951337
1530618306
1548848486
1550389258
1582833120
1677656198
1683855934
1709257442
1712927034
1772171238
1783089604
1803667321
1821252368
1822401053
1835070870
1903058736
1908738565
1912613727
1930133458
1944077125
1945683643
1954326689
1978973136
1992087252
2025822949
2041656668
2042702213
2077665960
2089445207
2101172041
2101372423
2101436098
2110316858
2116013769
2137018189
2162019183
2167147911
2177353979
2185406644
2218598291
2226401599
2279839810
2297476960
2305620152
2410338485
2417743919
2420880738
2439550743
2462446958
2485647759
2519205846
2551393655
2660998832
2714873857
2735644670
2736458094
2760415662
2775587329
2777539166
2781016619
2784166463
2809800145
2816936060
2821943740
2854197898
2854209495
2905123112
2906568519
2912642345
2922328619
2929248210
2947223694
3010632589
3024252261
3037164944
3037328977
3072755624
3108054551
3124481856
3147635294
3166232134
3179993470
3200217411
3235095640
3274002306
3276114368
3342774351
3354650153
3372018628
3381306459
3396528344
3418039038
3430448028
3454220866
3488866194
3499452881
3512481467
3517466406
3564899779
3565941768
3567140151
3569197805
3572635974
3624385469
3649867080
3750127256
3774195546
3865051508
3889001246
3929255689
3954480334
3960942684
3983728661
